circle
250 250 0 150
hermite
215 240 285 240 100 -150 100 150
hermite
215 240 285 240 1 0 1 0 
hermite 
220 230 280 230 100 10 100 -10
bezier
200 325 200 250 230 250 230 325
bezier 
210 335 210 315 220 315 220 335
bezier
200 325 200 380 230 380 230 325
bezier
210 335 210 355 220 355 220 335
bezier
270 325 270 250 300 250 300 325
bezier 
280 335 280 315 290 315 290 335
bezier 
270 325 270 380 300 380 300 325
bezier
280 335 280 355 290 355 290 335
bezier
100 250 70 400 80 420 150 360
bezier
350 360 420 420 430 400 400 250 
hermite
130 160 200 110 -100 -200 100 100
hermite
300 110 370 160 100 -100 -100 200
display
save
face.png

